000011110010000100100000000
000100000010100000110100000
011100001100100001000100000
000000001011011001100110000
000100101001001110111001000
000011010000100000111000000
001001111110101000001001000
000110010001010100100010000
001100001001000001000110100
010100010101000001001010000
000010111100000100000101000
000000000001100011010010000
001101001101110001101100000
011101011010100100010000000
000000100011101101001000000
001010101010000011011100000
001000011000001001111100000
010110010000001010100000000
010001000010001100110111010
001000011011011011001000000
000001011100011100110001000
000110001001110100001010000
011100001001000000001010000
001000010010000100111100000
001000010001100000011011000
000000000011000101000100000
011011100000100110110100000
011011001000000000000000000
001101100000000011111001000
001110000011001001110000000
001010110000000100000100000
000001101000111001110000000
001010000000010011110010000
011000000011010000010000000
000110010101100000110000000
011000100011000011101110100
001100110001000100001100000
000110100010100000000100000
011110010110010010000100000
010100000010010000110000000
000110010001001010100010000
000000000010011011100000000
001011110011010000000000000
001001111000100100001000000
000100000011000001000001100
010101011100101010100000000
000001010010001110000111000
000100001110010001011000000
011000101010100010001000000
101101000111110101100000000
000101000010100000001000000
001010000101001110000000000
000110001100000001011000000
011000100000010011000001000
001001010010011001001000000
001101110000110101100100000
000011000011011000001001000
001100011100110000101000000
000001011010101110000010000
001001110001000100001100000
011010000110110110100000000
001000010011101000100001000
001000010000101010011000000
000010010101000010010000000
001111010100001101000100000
000000001000001001001011000
011010010100100010101100000
011110100010010101001000000
100000101011011010000000000
001011010001001110010000000
100010000000001011010100000
101010101100101101000010000
000100110000011001110000000
011011000000100100010010010
000000100001101011010000000
011001011010100101001000000
011110000000001010110100000
001001001001000000010101100
001010010000100100001100000
010001010000000110001000000
000001000010001100110111000
001000111000000000100000011
001000001100010110011000100
100000101011011011000001000
100101000001000011100000000
001010000101001000001010000
000100011100110100010000100
001010000110001011000000000
001011000010000101001000000
001011000100011101000001000
111011000100000000110000000
001111000110010001000000000
001100000000000100011000000
001111000000000100111100100
000100000111010110110100000
000100100001010000110000000
011101101000101000000000000
000110000111000010010001000
001000011000100001110000111
111001010100000010001000000
001000011000000000110000011
001101001010101100000000000
000001111000000110110000000
101011000100000111000000000
001001001010100101000100000
000000000000110000110100000
001010101001101001010100000
001100001000101000101100000
001000101000011001000110000
011110000110011000110000000
011000100110001100100000000
000100011110011000001100000
001000000100010110010000000
000001000100000010011010100
011000000010111100100000000
000101100101111000101100000
000110011100100010000000000
000111001010111000000000000
000010000000001110000100000
010101010100001000011010000
011010001100000010001000000
011000001010010001111000000
000011000110100010010110000
000001100000110001110110000
010100000001000001001001100
001011110111000000110000000
010010111001010100000000000
000100001001010001001010000
001101110000110010010000000
001100000100001111001011000
000001011000011001010010100
001100000001000001011010000
001110000000101001010100000
001001100110100000000100000
010110101000000110100100000
001000000000100110101100000
000100000000101000011100000
011000101101100100100000000
001101000100100101011000000
000011100001000000000010100
010000001001001000100001000
010100000110000000111000000
000010001001000001010100000
001010100100000110001001000
000001100000010100110101000
000011101111000010001000000
000101101011000011010000000
011011001010100011000000000
100001101100001110111000000
000101000000110100011000000
001111110101001000001100000
000010000010001111100000000
000001010110000110000001000
011000000001011100010000000
000011000000110010100101000
101000110100100101110000000
000001001011100111010000000
001000100111000000000000000
010011010111101000001000000
010110010001100001011000000
000001111100011000111000000
000101110000000010100100000
000011001000000100000101100
001100000010010001010010000
001110011000101100000100000
000000001011011101001101100
011010001001000100010011000
001101000100100100001000000
001100000101110010000110000
000110010010111100110000000
000101100000001100100100000
000011001100101100000000000
000001000011110000111000000
001101001010011000001100000
011010011110010000100100000
001001100000110010000110000
011100001010100000101000000
101001000001000100000000100
001000100000001001000011000
011000000000000000010100000
010110011011011000100100000
001000001010100110000101010
001000100101101001110001000
001100000100001111010100000
000000001000000000110000011
000000010001101100000000000
100000000001000100000000000
011111000010000000010011010
001101000110100101001000000
000110000000011110010000000
000011101001001010000001000
001001010111100011000001100
000010011101001001001000010
011110001001001100010010010
000001010100010000010000100
001100000110001101011011000
000000011001111000000100000
001110001011101110001100000
010001010011100000000000000
000101000001000011110000000
011000001100010000100100000
001100100011111000000100000
100000101011001011000000000
000010101000100010110000000
011101010010001010000000000
110001100000100100000100000
001000010010000101110000000
001101100000000011011001000
010011010010000010001000000
001010100100101111001000000
110000011000010100110000000
100011000011010010000010000
000110000000010010101101000
001001010010001000000001100
000010100101001110000000000
000101010011010100000010000
011010001000010000100100000
000110001010100111001000000
000000000001000001000010100
011101010001001000001010000
000101001001000011010000000
010100001011110001010100000
001100010010010100001100100
001000001001000000011101100
010100000010010000100010000
000100000010010010100101000
000110000000001101111100000
000001000010000101110111000
000111011000000100001000000
001001000010010100001100000
010001101000001110010000000
000001001111010010011000000
011010101110100011001000000
010000001100111001110001000
000101001100000001100000000
001000010100100110010010000
000000100100101011010001000
001110101010101110001100000
001001100111000010111000000
010000000101001001010000100
000001000011101101110000000
001011000110011000011000000
001001000010100100110000000
001010001100110010000000000
010110110010010000101000000
000110010000100100100000000
010001010010000100000111000
001000000111001111001000000
000001001101000010011010000
001100001010011100000000000
111011010101000000000010000
101000101100000001000000000
001111000010010101000000000
010001110100000000100000000
010000110010110100000000000
001000010000101010001000000
000010000010100010000011000
001100011000110010001000000
000011011000111010000000000
001001000100010000011000100
011010010000001110010000000
001000010000000000001011000
001100110000010100010000000
000000000110001100000100000
000001011010000000000101100
111000101000000000000100000
101101010010000001000000000
011100010000100010010110000
000001111010110100000001000
001101000110100011110110000
011101001001000011000000000
001111001000000100111000010
001110110000100101101000000
000111001000100000000101000
000001000001101100010100000
011001100000100110000110000
001000000010000100100100000
011001010110100001010001100
101101000001000100010100000
000110111100000001111000000
011000110010111001000000000
010000001110011000100011000
010010000000110100111010000
010101010000010000010010000
001010101100010000010000000
001011000000001001010010000
000111000100011001101000000
011010001000010100010010010
001001000010000111001000000
001001000001010101100001000
000001111010101001000100000
011100010001001010100000000
011100011010110001001010000
010001100001001000000000000
001000111011100110001000000
001010001100000100001001000
101101000001001000001000010
000010111100100000000010000
000001010000100000111000000
001011001011000110100000000
000000000100100011011010100
001001100111000010000000000
000001001010000001010000000
001101110101001011111000000
000000011010000000000100100
001010001000010100000000000
000000001001101001100000000
000010011010000000111101000
001000001110100010100110000
011011000100110110100000000
001100000100001111000011000
001001010001110011100000000
000100100010100011000000000
001011001100010000001001000
000000001100001001001010000
000100010110100110000011000
000000000010011011010000010
001110110101100101000000000
001001100000100010000110000
011100000011111000100000100
001000001110001010100000000
000000110001000011010011000
000000111011000100000110000
001010100110011100010000000
000011101000100010000000000
001000000110001111110000000
001000101011111000000100000
001000101100010000101001000
000000100000001110101011000
000110110001100110000000000
000011010100000100000001000
000001010000010000100110000
001011100000100000001000100
000001100101000010100100000
001101010010110110000011000
000100000110100011000000000
010000110100011100100001100
001010010111010000111000000
000001001101011110000011000
010001110011001010000000000
100010000000000100011100100
001011001010000100001010100
001010000011100001110000000
001000011000010000111000011
END
